idx, lp_name, lp_address, token0, token0_name, token1, token1_name, pool, rewardAmount, duration, weekRewardUsd, tvlUsd, apr 
0,QUICK_WMATIC_QUICK,0x019ba0325f1988213D448b3472fA1cf8D07618d7,0x0d500B1d8E8eF31E21C99d1Db9A6444d3ADf1270,WMATIC,0x831753DD7087CaC61aB5644b308642cc1c33Dc13,QUICK,0x7Ca29F0DB5Db8b88B332Aa1d67a2e89DfeC85E7E,200663.23,7.00,200663.23,30167938.43,34.68
1,QUICK_WMATIC_WETH,0xadbF1854e5883eB8aa7BAf50705338739e558E5b,0x0d500B1d8E8eF31E21C99d1Db9A6444d3ADf1270,WMATIC,0x7ceB23fD6bC0adD59E62ac25578270cFf1b9f619,WETH,0x8FF56b5325446aAe6EfBf006a4C1D88e4935a914,290961.68,7.00,290961.68,94453041.73,16.06
3,QUICK_WBTC_WETH,0xdC9232E2Df177d7a12FdFf6EcBAb114E2231198D,0x1BFD67037B42Cf73acF2047067bd4F2C47D9BfD6,WBTC,0x7ceB23fD6bC0adD59E62ac25578270cFf1b9f619,WETH,0x070D182EB7E9C3972664C959CE58C5fC6219A7ad,150497.42,7.00,150497.42,85161293.06,9.21
4,QUICK_USDC_QUICK,0x1F1E4c845183EF6d50E9609F16f6f9cAE43BC9Cb,0x2791Bca1f2de4661ED88A30C99A7a9449Aa84174,USDC,0x831753DD7087CaC61aB5644b308642cc1c33Dc13,QUICK,0x8cFad56Eb742BA8CAEA813e47779E9C38f27cA6E,85281.87,7.00,85281.87,10206235.28,43.57
6,QUICK_WETH_WISE,0xDF8139e9BebecAdEcF48BeC8c8064CcEfB618e2b,0x7ceB23fD6bC0adD59E62ac25578270cFf1b9f619,WETH,0xB77e62709e39aD1cbeEBE77cF493745AeC0F453a,WISE,0xb11856d3Aea0203e50B8520479C6332daBcF3f82,2508.29,7.00,2508.29,1224849.72,10.68
7,QUICK_USDC_WETH,0x853Ee4b2A13f8a742d64C8F088bE7bA2131f670d,0x2791Bca1f2de4661ED88A30C99A7a9449Aa84174,USDC,0x7ceB23fD6bC0adD59E62ac25578270cFf1b9f619,WETH,0x4A73218eF2e820987c59F838906A82455F42D98b,295978.26,7.00,295978.26,120087264.01,12.85
8,QUICK_LINK_WETH,0x5cA6CA6c3709E1E6CFe74a50Cf6B2B6BA2Dadd67,0x53E0bca35eC356BD5ddDFebbD1Fc0fD03FaBad39,LINK,0x7ceB23fD6bC0adD59E62ac25578270cFf1b9f619,WETH,0x97D69E23DF7BBB01F9eA78b5651cb6ad125D6d9a,95315.03,7.00,95315.03,33421347.11,14.87
9,QUICK_AGA_AGAr,0x1E794AFed730e913d2A514033773C90DC0B59C54,0x033d942A6b495C4071083f4CDe1f17e986FE856c,AGA,0xF84BD51eab957c2e7B7D646A3427C5A50848281D,AGAr,0x855b8dCA0Dfe3A1AC474f5A25792d4326580E06A,0.00,0.00,0.00,28681.13,NaN
10,QUICK_WETH_QUICK,0x1Bd06B96dd42AdA85fDd0795f3B4A79DB914ADD5,0x7ceB23fD6bC0adD59E62ac25578270cFf1b9f619,WETH,0x831753DD7087CaC61aB5644b308642cc1c33Dc13,QUICK,0xD1C762861AAe85dF2e586a668A793AAfF820932b,130431.10,7.00,130431.10,18587565.36,36.59
11,QUICK_QUICK_WISE,0xda5A2D1c048e58E2D1E6B55D840c2e2294caeEC4,0x831753DD7087CaC61aB5644b308642cc1c33Dc13,QUICK,0xB77e62709e39aD1cbeEBE77cF493745AeC0F453a,WISE,0x3CB338519AD8AE7cbaCb4A1035052BE6DA7e0b59,5016.58,7.00,5016.58,699260.91,37.41
12,QUICK_WETH_SX,0x3Ff616172e87429A037e4B42843FB11bF0C945bB,0x7ceB23fD6bC0adD59E62ac25578270cFf1b9f619,WETH,0x840195888Db4D6A99ED9F73FcD3B225Bb3cB1A79,SX,0x225d8F0f5FB5D66cA7C0a27da85F462689c47C23,0.00,0.00,0.00,455.96,NaN
13,QUICK_WETH_CEL,0xEAA5E4620373d9Ded4DCB9267F46fcfc6698c867,0x7ceB23fD6bC0adD59E62ac25578270cFf1b9f619,WETH,0xD85d1e945766Fea5Eda9103F918Bd915FbCa63E6,CEL,0x8917692e0Bdb47AF1D36837805E141Ed79065dFC,25082.90,7.00,25082.90,5461988.92,23.95
14,QUICK_USDC_maUSDC,0x7295304b10740BA8e037826787d3e9386FD99925,0x2791Bca1f2de4661ED88A30C99A7a9449Aa84174,USDC,0x9719d867A500Ef117cC201206B8ab51e794d3F82,maUSDC,0x9Aac6390103C1Af774220aaB85bEB49Ae2DF11d6,0.00,0.00,0.00,1518304.66,NaN
15,QUICK_WETH_DAI,0x4A35582a710E1F4b2030A3F826DA20BfB6703C09,0x7ceB23fD6bC0adD59E62ac25578270cFf1b9f619,WETH,0x8f3Cf7ad23Cd3CaDbD9735AFf958023239c6A063,DAI,0x785AaCd49c1Aa3ca573F2a32Bb90030A205b8147,125414.52,7.00,125414.52,36478362.55,17.93
16,QUICK_WETH_AAVE,0x90bc3E68Ba8393a3Bf2D79309365089975341a43,0x7ceB23fD6bC0adD59E62ac25578270cFf1b9f619,WETH,0xD6DF932A45C0f255f85145f286eA0b292B21C90B,AAVE,0x573bb5CCC26222d8108EdaCFcC7F7cb9e388Af10,110364.77,7.00,110364.77,40353142.11,14.26
17,QUICK_FRAX_QUICK,0x2Aa7a18cEAbf2eF893D2f7c0145cC45e6f10b223,0x104592a158490a9228070E0A8e5343B499e125D0,FRAX,0x831753DD7087CaC61aB5644b308642cc1c33Dc13,QUICK,0xa859D2C37A49bbd5992E39FCC37a7dD56aE130E7,0.00,0.00,0.00,4500.76,NaN
18,QUICK_FRAX_FXS,0x4756FF6A714AB0a2c69a566E548B59c72eB26725,0x104592a158490a9228070E0A8e5343B499e125D0,FRAX,0x3e121107F6F22DA4911079845a470757aF4e1A1b,FXS,0x2f5c21A2084fE66E3CEDe1dfd048Ea00b3dcf1f4,0.00,0.00,0.00,11570.20,NaN
19,QUICK_DEFI5_WETH,0x654E651b658f784406125400cf648588CB9773e8,0x42435F467D33e5C4146a4E8893976ef12BBCE762,DEFI5,0x7ceB23fD6bC0adD59E62ac25578270cFf1b9f619,WETH,0xf563fAe71bDAcDD370098CeCff14dbe2c9518a6b,2508.29,7.00,2508.29,4919927.80,2.66
20,QUICK_USDC_USDT,0x2cF7252e74036d1Da831d11089D326296e64a728,0x2791Bca1f2de4661ED88A30C99A7a9449Aa84174,USDC,0xc2132D05D31c914a87C6611C10748AEb04B58e8F,USDT,0x251d9837a13F38F3Fe629ce2304fa00710176222,65215.55,7.00,65215.55,35056841.58,9.70
21,QUICK_WBTC_USDC,0xF6a637525402643B0654a54bEAd2Cb9A83C8B498,0x1BFD67037B42Cf73acF2047067bd4F2C47D9BfD6,WBTC,0x2791Bca1f2de4661ED88A30C99A7a9449Aa84174,USDC,0x8f2ac4EC8982bF1699a6EeD696e204FA2ccD5D91,75248.71,7.00,75248.71,15667862.62,25.04
22,QUICK_DEFI5_QUICK,0xa975CEEb05B379Cf67FdfA63e7b2770f9F1D72c6,0x42435F467D33e5C4146a4E8893976ef12BBCE762,DEFI5,0x831753DD7087CaC61aB5644b308642cc1c33Dc13,QUICK,0xDdB4E83F0977CAf315f5A4d71930FD72DA00d8d9,2508.29,7.00,2508.29,451790.41,28.95
23,QUICK_LINK_QUICK,0xDEA8f0F1E6E98C6AEE891601600E5fBa294B5e36,0x53E0bca35eC356BD5ddDFebbD1Fc0fD03FaBad39,LINK,0x831753DD7087CaC61aB5644b308642cc1c33Dc13,QUICK,0xfEc1E86786841FF699588DD1e88178AB2BB6DAbC,5016.58,7.00,5016.58,1344085.06,19.46
24,QUICK_WMATIC_WOLF,0x652a7b75c229850714D4a11E856052AAC3e9b065,0x0d500B1d8E8eF31E21C99d1Db9A6444d3ADf1270,WMATIC,0x8f18dC399594b451EdA8c5da02d0563c0b2d0f16,WOLF,0x3139523e1507cF6B0700Be2EABea6D5e919C6369,0.00,0.00,0.00,2749.08,NaN
25,QUICK_SWAP_QUICK,0xfcb980CFd282027b7a0544802A03b8aF63eE9Cc4,0x3809dcDd5dDe24B37AbE64A5a339784c3323c44F,SWAP,0x831753DD7087CaC61aB5644b308642cc1c33Dc13,QUICK,0x219ab685344518c60eFb399a039EBC73cC4f1471,0.00,0.00,0.00,5798.78,NaN
26,QUICK_$DG_WETH,0xB1ff609d3341Fe5a822FaaE973B8C5a227d8889e,0x2a93172c8DCCbfBC60a39d56183B7279a2F647b4,$DG,0x7ceB23fD6bC0adD59E62ac25578270cFf1b9f619,WETH,0x0C7395bc2b25603941a67e4DaF327362dB8f7D54,5016.58,7.00,5016.58,477601.46,54.77
27,QUICK_$DG_QUICK,0x96FdD975C4ba24c49e21140284ee09d6537e8eF7,0x2a93172c8DCCbfBC60a39d56183B7279a2F647b4,$DG,0x831753DD7087CaC61aB5644b308642cc1c33Dc13,QUICK,0x4aC2D949D9E7e2c47e0FB6c7e2316BAE58d27599,0.00,0.00,0.00,7048.33,NaN
28,QUICK_QUICK_DEGEN,0x75a4917aeE97BDA48D3572f431e04003743da85e,0x831753DD7087CaC61aB5644b308642cc1c33Dc13,QUICK,0x8a2870fb69A90000D6439b7aDfB01d4bA383A415,DEGEN,0x65Bb31f4ad1D9958Cd808d4337eaaB6F40CFaD2e,2508.29,7.00,2508.29,238095.27,54.93
29,QUICK_QUICK_GAME,0x6276969983510b3DfAE28fE6b7b8e2A858F0c2bd,0x831753DD7087CaC61aB5644b308642cc1c33Dc13,QUICK,0x8d1566569d5b695d44a9a234540f68D393cDC40D,GAME,0x8FC0a8dE57d15dF22238FCd165Cd5d6658ac4788,2759.12,7.00,2759.12,753860.04,19.08
30,QUICK_WETH_DEGEN,0xFdBDb3A2bbdC7d9dC6203DcEf9D53f1735135951,0x7ceB23fD6bC0adD59E62ac25578270cFf1b9f619,WETH,0x8a2870fb69A90000D6439b7aDfB01d4bA383A415,DEGEN,0x729970954a0c26cdBe765A93020efC787283dfcA,2508.29,7.00,2508.29,445241.93,29.37
31,QUICK_USDC_DAI,0xf04adBF75cDFc5eD26eeA4bbbb991DB002036Bdd,0x2791Bca1f2de4661ED88A30C99A7a9449Aa84174,USDC,0x8f3Cf7ad23Cd3CaDbD9735AFf958023239c6A063,DAI,0xEd8413eCEC87c3d4664975743c02DB3b574012a7,25082.90,7.00,25082.90,20727401.61,6.31
32,QUICK_ARIA20_WETH,0xD88810F3FE698862669448Dce29808B242B9A1bC,0x46F48FbdedAa6F5500993BEDE9539ef85F4BeE8e,ARIA20,0x7ceB23fD6bC0adD59E62ac25578270cFf1b9f619,WETH,0x5Afc79ce4481a4565B88074393F2DbFc19CbCDdC,0.00,0.00,0.00,41058.45,NaN
33,QUICK_WETH_UBT,0xcc203f45A31aE086218170F6A9e9623fA1655486,0x7ceB23fD6bC0adD59E62ac25578270cFf1b9f619,WETH,0x7FBc10850caE055B27039aF31bD258430e714c62,UBT,0x219670F92CC0e0ef1C16BDB0aE266F0472930906,2508.29,7.00,2508.29,2512510.55,5.21
34,QUICK_QUICK_UNI,0x4B4C614b9219397c02296f6F4e2351259840B3C7,0x831753DD7087CaC61aB5644b308642cc1c33Dc13,QUICK,0xb33EaAd8d922B1083446DC23f610c2567fB5180f,UNI,0x72ed24d2b2D98D3c4b5297ce244f623B9357F798,12541.45,7.00,12541.45,2039572.49,32.06
35,QUICK_maAAVE_QUICK,0x6583dD93f9060A919E2b3F1875985d606d0eDdfb,0x823CD4264C1b951C9209aD0DeAea9988fE8429bF,maAAVE,0x831753DD7087CaC61aB5644b308642cc1c33Dc13,QUICK,0x994c2f4b860B9DC412502a57a60473d7b5AB20e5,0.00,0.00,0.00,95.49,NaN
36,QUICK_QUICK_CEL,0xF8B5e03841c07a72035f719979ccd6F4589BbB8A,0x831753DD7087CaC61aB5644b308642cc1c33Dc13,QUICK,0xD85d1e945766Fea5Eda9103F918Bd915FbCa63E6,CEL,0x0BA297E04008070E3075Fa08a920bB3CeC2ed45b,0.00,0.00,0.00,30773.19,NaN
37,QUICK_QUICK_CC10,0x42fD10ddc7628b82d80c3b2C286F3e79555Fd7A1,0x831753DD7087CaC61aB5644b308642cc1c33Dc13,QUICK,0x9c49BA0212Bb5Db371e66b59D1565b7c06E4894e,CC10,0xab1d645fe5148322D4991fCB3bceF6848a5e8123,2508.29,7.00,2508.29,229119.00,57.08
38,QUICK_HH_WETH,0x64a1D96e6bB8cC8809B8fE068683577C130F75eF,0x521CddC0CBa84F14c69C1E99249F781AA73Ee0BC,HH,0x7ceB23fD6bC0adD59E62ac25578270cFf1b9f619,WETH,0xfc4a45f220EaB0a740635eBb3B3b391abbae4e07,0.00,0.00,0.00,31.90,NaN
39,QUICK_QUICK_miFARM,0xD7668414BfD52DE6d59E16e5f647c9761992C435,0x831753DD7087CaC61aB5644b308642cc1c33Dc13,QUICK,0xab0b2ddB9C7e440fAc8E140A89c0dbCBf2d7Bbff,miFARM,0xEa2EC0713D3B48234Ad4b2f14EDb4978D1228aE5,0.00,0.00,0.00,275385.06,NaN
40,QUICK_WETH_CC10,0xBF646010B1ae86aD7fBb4cFf5fd93C7019331Cc9,0x7ceB23fD6bC0adD59E62ac25578270cFf1b9f619,WETH,0x9c49BA0212Bb5Db371e66b59D1565b7c06E4894e,CC10,0x7cc64850E4c65e753247A1Ed2c8DF63DCF7d002d,2508.29,7.00,2508.29,551476.14,23.72
41,QUICK_WMATIC_miFARM,0x2a574629CA405fA43A8F21FAa64ff73dD320f45b,0x0d500B1d8E8eF31E21C99d1Db9A6444d3ADf1270,WMATIC,0xab0b2ddB9C7e440fAc8E140A89c0dbCBf2d7Bbff,miFARM,0xD26C29d8B22105d0f4dBBf5c421B228B74722C86,0.00,0.00,0.00,104.27,NaN
42,QUICK_UBT_QUICK,0x08A945B6De91A7D0e242e55484a99A4A5f3810A8,0x7FBc10850caE055B27039aF31bD258430e714c62,UBT,0x831753DD7087CaC61aB5644b308642cc1c33Dc13,QUICK,0x24830905906b53F737cDc8a227C9475C52795C5C,0.00,0.00,0.00,10894.84,NaN
43,QUICK_QUICK_NFTP,0x2af64089156EFA9cE3677C3392ef8fbD9A06a8Ad,0x831753DD7087CaC61aB5644b308642cc1c33Dc13,QUICK,0xf7d9e281c5Cb4C6796284C5b663b3593D2037aF2,NFTP,0xB771f27de915529DcbBCeFd3b73f2537B94Ab3Fa,0.00,0.00,0.00,0.00,NaN
44,QUICK_QUICK_SUPER,0x4FA5E499EEa684C2fEe4b67E96271eE916c26155,0x831753DD7087CaC61aB5644b308642cc1c33Dc13,QUICK,0xa1428174F516F527fafdD146b883bB4428682737,SUPER,0xe818cbeE29477e6C6915Df1e9757dd663f10106d,2508.29,7.00,2508.29,292622.04,44.70
45,QUICK_QUICK_EASY,0xc649936B9688B24eE332B5d76574b3E993f51c68,0x831753DD7087CaC61aB5644b308642cc1c33Dc13,QUICK,0xDb3b3b147A030F032633f6C4BEBf9a2fB5a882B5,EASY,0x12bebB96E738159CB68c2be8ED775950e2CfFb50,0.00,0.00,0.00,702.97,NaN
46,QUICK_QUICK_SX,0x049AB22922e2FA63CB259f9D0D30294748cB3E1b,0x831753DD7087CaC61aB5644b308642cc1c33Dc13,QUICK,0x840195888Db4D6A99ED9F73FcD3B225Bb3cB1A79,SX,0x78A8Ef79CB397FeDD933922b3A3Ced03dAcE52d4,0.00,0.00,0.00,0.00,NaN
47,QUICK_VISION_WETH,0x47Be4b1b6921a36591142E108B8C9E04BB55E015,0x034b2090b579228482520c589dbD397c53Fc51cC,VISION,0x7ceB23fD6bC0adD59E62ac25578270cFf1b9f619,WETH,0x34D4257C4935673Fb5059f29602B9AAe9Dea0296,2508.29,7.00,2508.29,1082187.09,12.09
48,QUICK_QUICK_xMARK,0x7579fb88f46adC9Ad97D51C3b22e8DCDB6f68a57,0x831753DD7087CaC61aB5644b308642cc1c33Dc13,QUICK,0xf153EfF70DC0bf3b085134928daeEA248d9B30d0,xMARK,0xFd20CfF4eBD6EaD961E86A1264eEa4B64F847150,0.00,0.00,0.00,1590.88,NaN
49,QUICK_SX_DAI,0x8ed2DaC7145865def7838623F715C835Dea154cf,0x840195888Db4D6A99ED9F73FcD3B225Bb3cB1A79,SX,0x8f3Cf7ad23Cd3CaDbD9735AFf958023239c6A063,DAI,0xefF782c32385B5eBd196fFD860629a5c69216c25,0.00,0.00,0.00,2.94,NaN
50,QUICK_GFARM2_WETH,0xdb869Dab270331C6fE2E690f3b6c93A077ed53d5,0x7075cAB6bCCA06613e2d071bd918D1a0241379E2,GFARM2,0x7ceB23fD6bC0adD59E62ac25578270cFf1b9f619,WETH,0x145bB9b8ebD72Ce915D1DDF6bcf3082027A38C9a,0.00,0.00,0.00,0.00,NaN
51,QUICK_maUSDC_maYFI,0x0C7131aA808dbc1132515cE7B83fc3c84a603c91,0x9719d867A500Ef117cC201206B8ab51e794d3F82,maUSDC,0xe20f7d1f0eC39C4d5DB01f53554F2EF54c71f613,maYFI,0xe13876aAFb5cd2e162ec253499Eb414083a96Af2,0.00,0.00,0.00,0.00,NaN
52,QUICK_QUICK_maUSDC,0x1697D88Dda5e913D9a29111e858292855CA0d9cF,0x831753DD7087CaC61aB5644b308642cc1c33Dc13,QUICK,0x9719d867A500Ef117cC201206B8ab51e794d3F82,maUSDC,0x8df5AdD0eB677d12EA86C5f83DdB7e184b750116,0.00,0.00,0.00,0.00,NaN
53,QUICK_QUICK_WOLF,0x19E524d444F12DC572Bea6a45bd7E0Bd38818693,0x831753DD7087CaC61aB5644b308642cc1c33Dc13,QUICK,0x8f18dC399594b451EdA8c5da02d0563c0b2d0f16,WOLF,0x8732f213E8F82c6580e2579Dc2E3310aFF90E972,0.00,0.00,0.00,300.91,NaN
54,QUICK_QUICK_IGG,0x2E026b382bCCC90DF4e73985D1bfADB8ca4Ab13B,0x831753DD7087CaC61aB5644b308642cc1c33Dc13,QUICK,0xe6FC6C7CB6d2c31b359A49A33eF08aB87F4dE7CE,IGG,0x0aC274597134209b640A18Fc70FaE075D33D1d87,0.00,0.00,0.00,225612.44,NaN
55,QUICK_WMATIC_mOCEAN,0x5a94F81D25c73eDdBDD84b84E8F6D36C58270510,0x0d500B1d8E8eF31E21C99d1Db9A6444d3ADf1270,WMATIC,0x282d8efCe846A88B159800bd4130ad77443Fa1A1,mOCEAN,0xEEc558404E179dEb5561fB043D8fd0567227FDE7,0.00,0.00,0.00,291712.04,NaN
56,QUICK_SWAP_WETH,0xbA8a6d86cD5577426ffbEA6C40B7334650Ff3900,0x3809dcDd5dDe24B37AbE64A5a339784c3323c44F,SWAP,0x7ceB23fD6bC0adD59E62ac25578270cFf1b9f619,WETH,0x897Bc9871F1D1c520F7c200480b556f87D6638e7,0.00,0.00,0.00,2412.58,NaN
57,QUICK_WETH_SUPER,0x0712323F8451Cf7acc1141083baa60cc70Dc32A8,0x7ceB23fD6bC0adD59E62ac25578270cFf1b9f619,WETH,0xa1428174F516F527fafdD146b883bB4428682737,SUPER,0x214249a7bd9a6C10AdfF8fAd70749ebf8108494a,2006.63,7.00,2006.63,335255.75,31.21
58,QUICK_ARIA20_QUICK,0x8075cda830EA117457f914b790DAF93F93c66136,0x46F48FbdedAa6F5500993BEDE9539ef85F4BeE8e,ARIA20,0x831753DD7087CaC61aB5644b308642cc1c33Dc13,QUICK,0xc74dAA25035577E20db7C1cDEb01bcfFfe4927Ac,0.00,0.00,0.00,69796.09,NaN
59,QUICK_GFARM2_QUICK,0x065D609FF57E8Ce4eE5fbc3c040a442354E8A2E4,0x7075cAB6bCCA06613e2d071bd918D1a0241379E2,GFARM2,0x831753DD7087CaC61aB5644b308642cc1c33Dc13,QUICK,0x395c81AcB66aEfb84CAcc501Bd581f0B261e4Fc1,0.00,0.00,0.00,0.00,NaN
60,QUICK_QUICK_AGAr,0xba29f611473F3ecCAdb995d85a39b87677f620fE,0x831753DD7087CaC61aB5644b308642cc1c33Dc13,QUICK,0xF84BD51eab957c2e7B7D646A3427C5A50848281D,AGAr,0xa6b85D97853248973d11B9c806492D405D1B50e5,0.00,0.00,0.00,3.61,NaN
61,QUICK_WMATIC_USDC,0x6e7a5FAFcec6BB1e78bAE2A1F0B612012BF14827,0x0d500B1d8E8eF31E21C99d1Db9A6444d3ADf1270,WMATIC,0x2791Bca1f2de4661ED88A30C99A7a9449Aa84174,USDC,0x6C6920aD61867B86580Ff4AfB517bEc7a499A7Bb,65215.55,7.00,65215.55,31435392.05,10.82
62,QUICK_AGA_QUICK,0x282b89e71325551A2B6D1D30cC10349ea0c79F12,0x033d942A6b495C4071083f4CDe1f17e986FE856c,AGA,0x831753DD7087CaC61aB5644b308642cc1c33Dc13,QUICK,0x4D637F2d946b4028705BEb436e66Bf1Ffb85C22D,0.00,0.00,0.00,0.00,NaN
63,QUICK_maUNI_maUSDC,0xca84c15C5F46d39EE3fd0cD9278CE19579424Dc2,0x8c8bdBe9CeE455732525086264a4Bf9Cf821C498,maUNI,0x9719d867A500Ef117cC201206B8ab51e794d3F82,maUSDC,0x3e9951ba9ea39FF1ACDCA838E1A294c7C8675b23,0.00,0.00,0.00,0.00,NaN
64,QUICK_HH_QUICK,0x4599Fa60065FfF34B0af5E5f66bEbBd9Ad137c94,0x521CddC0CBa84F14c69C1E99249F781AA73Ee0BC,HH,0x831753DD7087CaC61aB5644b308642cc1c33Dc13,QUICK,0xDdAFf21FC862dc1ecf805ca1CEBbfEae95b16E6D,0.00,0.00,0.00,25.71,NaN
65,QUICK_mOCEAN_QUICK,0xBFE3Bb39C514f74F37e20115785Bbe58089865a0,0x282d8efCe846A88B159800bd4130ad77443Fa1A1,mOCEAN,0x831753DD7087CaC61aB5644b308642cc1c33Dc13,QUICK,0xC29996f70BC8D7052287Ada2B7B7765360A69a32,0.00,0.00,0.00,364.83,NaN
66,QUICK_QUICK_DMT,0x3CB10463648e3F35ED7C5B64394d482A1B7287B5,0x831753DD7087CaC61aB5644b308642cc1c33Dc13,QUICK,0xd28449BB9bB659725aCcAd52947677ccE3719fD7,DMT,0xcb099768c2eB727f5380c9E7AF93153E8d0e3766,0.00,0.00,0.00,187.63,NaN
67,QUICK_HEX_QUICK,0xd6c1fE4e4Dd9a949c05c9B6904c353B87e3Cea3A,0x23D29D30e35C5e8D321e1dc9A8a61BFD846D4C5C,HEX,0x831753DD7087CaC61aB5644b308642cc1c33Dc13,QUICK,0x4E5317608D854104ffcC02F9741b52d1f07225Ac,0.00,0.00,0.00,38349.52,NaN
68,QUICK_QUICK_BTU,0x7C3B697F63a17CCDCd450D6bdB93cAbCF9cff114,0x831753DD7087CaC61aB5644b308642cc1c33Dc13,QUICK,0xFdc26CDA2d2440d0E83CD1DeE8E8bE48405806DC,BTU,0x6065BAD6E8d8760b0cA729fCE35A98641CE1060C,0.00,0.00,0.00,0.00,NaN
69,QUICK_FSN_QUICK,0xC1950dA9E676d352954C1424B341AfcCF8C4c608,0x2bF9b864cdc97b08B6D79ad4663e71B8aB65c45c,FSN,0x831753DD7087CaC61aB5644b308642cc1c33Dc13,QUICK,0x631F21B329C958e6A522c7b857F22c0C5E013368,0.00,0.00,0.00,1079.57,NaN
70,QUICK_ANY_QUICK,0xeb275d1d930F157504cca7D7AFCe38360C7302b5,0x6aB6d61428fde76768D7b45D8BFeec19c6eF91A8,ANY,0x831753DD7087CaC61aB5644b308642cc1c33Dc13,QUICK,0xD6E9C2576FEa298c5C9FA9F2cBC5f124c5f97625,0.00,0.00,0.00,104039.91,NaN
71,QUICK_QUICK_PLOT,0x5278a593fA07f7ec723B992d293F4EDC3Ae65927,0x831753DD7087CaC61aB5644b308642cc1c33Dc13,QUICK,0xe82808eaA78339b06a691fd92E1Be79671cAd8D3,PLOT,0x74A7fdA76A008276705c39B0599916ee8513965c,0.00,0.00,0.00,81595.06,NaN
72,QUICK_USDC_PLOT,0x78FD833Ec4464d3d6d470E5853DBfC2de0Ca6F5b,0x2791Bca1f2de4661ED88A30C99A7a9449Aa84174,USDC,0xe82808eaA78339b06a691fd92E1Be79671cAd8D3,PLOT,0xB0755c5b3594A9C8845EB383e6E05E7F49460141,0.00,0.00,0.00,11348.36,NaN
73,QUICK_ELET_QUICK,0x592D8FAeA9e740FAcBd6115AbD92D2e6ACB2f8f1,0x07738Eb4ce8932CA961c815Cb12C9d4ab5Bd0Da4,ELET,0x831753DD7087CaC61aB5644b308642cc1c33Dc13,QUICK,0x0E5a923524fC0A14fA4ab108145e4a019D2f2C6a,0.00,0.00,0.00,1311.01,NaN
74,QUICK_VISION_QUICK,0x52F31162e07C0158C5dDa8c922cA09B52881e471,0x034b2090b579228482520c589dbD397c53Fc51cC,VISION,0x831753DD7087CaC61aB5644b308642cc1c33Dc13,QUICK,0x859f1E2490B4F62C5D32cf9409e2bBF43dfA3B61,0.00,0.00,0.00,41848.45,NaN
75,QUICK_WETH_GAME,0x4b23803040321868fC2EeB6D3e9C353C3237031d,0x7ceB23fD6bC0adD59E62ac25578270cFf1b9f619,WETH,0x8d1566569d5b695d44a9a234540f68D393cDC40D,GAME,0x5554281f7e473d93779722e5aa4c2f62C11283fd,0.00,0.00,0.00,0.00,NaN
76,QUICK_maUSDC_maDAI,0x6Fc2a79b1f0c31Ec4DC4343157cBD8becb0f6aaF,0x9719d867A500Ef117cC201206B8ab51e794d3F82,maUSDC,0xE0b22E0037B130A9F56bBb537684E6fA18192341,maDAI,0x7131eBbC3e08E8e0D8938DFd36D3E76B874Fc75e,0.00,0.00,0.00,0.00,NaN
77,QUICK_maWETH_maUSDC,0x95E6c356C87A5AB6Cc415040F1C794e82015207E,0x20D3922b4a1A8560E1aC99FBA4faDe0c849e2142,maWETH,0x9719d867A500Ef117cC201206B8ab51e794d3F82,maUSDC,0x2Ee1eaE8fB3F5F56ABB882D48E2d767DA0211D8E,0.00,0.00,0.00,0.00,NaN
78,QUICK_CTSI_QUICK,0x4f4b7477850466d96CbCab5b74E58150ED0F2b24,0x2727Ab1c2D22170ABc9b595177B2D5C6E1Ab7B7B,CTSI,0x831753DD7087CaC61aB5644b308642cc1c33Dc13,QUICK,0x4AB627237c2ce3719Ca42940c641Cd3dDbC83C0A,0.00,0.00,0.00,50.43,NaN
79,QUICK_WMATIC_CTSI,0xB2E178Aa4fA1f0b263a636E8B61e10886FC1938b,0x0d500B1d8E8eF31E21C99d1Db9A6444d3ADf1270,WMATIC,0x2727Ab1c2D22170ABc9b595177B2D5C6E1Ab7B7B,CTSI,0x2d0D7FD1bFcbF01947fdc40B507BD73B0863f2D5,0.00,0.00,0.00,8.82,NaN
80,QUICK_WETH_IGG,0xBCDF529AeFb71797cF2E7Fb4792f5e11233Ec313,0x7ceB23fD6bC0adD59E62ac25578270cFf1b9f619,WETH,0xe6FC6C7CB6d2c31b359A49A33eF08aB87F4dE7CE,IGG,0x88D6E84D7220A001F031fA5C8b44E77F957Fe1cD,0.00,0.00,0.00,66237.53,NaN
81,QUICK_QUICK_OM,0xdFA81e266fF54A7d9d26c5083f9631e685d833D7,0x831753DD7087CaC61aB5644b308642cc1c33Dc13,QUICK,0xC3Ec80343D2bae2F8E680FDADDe7C17E71E114ea,OM,0xe1fE89651932D84e7880651187547869CA524976,0.00,0.00,0.00,0.00,NaN
82,QUICK_WMATIC_BTU,0xE86368fC4e24FAd14517f0F0389560E9d1Af52Ac,0x0d500B1d8E8eF31E21C99d1Db9A6444d3ADf1270,WMATIC,0xFdc26CDA2d2440d0E83CD1DeE8E8bE48405806DC,BTU,0xe46E640b9E47080aE2cDe82B30500445C857d6d1,0.00,0.00,0.00,0.00,NaN
83,QUICK_maUSDC_maTUSD,0xc8f51057e1aeA189f18011A278432ef2dC6D204a,0x9719d867A500Ef117cC201206B8ab51e794d3F82,maUSDC,0xF4b8888427b00d7caf21654408B7CBA2eCf4EbD9,maTUSD,0xD854f08373a97237C7a830e1e34475535CB1eaDE,0.00,0.00,0.00,0.00,NaN
84,QUICK_maAAVE_maUSDC,0xaCe1E8B717202bC122a7d98C308824C33f4cC20D,0x823CD4264C1b951C9209aD0DeAea9988fE8429bF,maAAVE,0x9719d867A500Ef117cC201206B8ab51e794d3F82,maUSDC,0xe985c9416D05B3b3872d9e640C9590FaC37705Bd,0.00,0.00,0.00,0.00,NaN
85,QUICK_maUSDC_maUSDT,0x2EeA2D478787DFCAA4aa5398622556b9d775f194,0x9719d867A500Ef117cC201206B8ab51e794d3F82,maUSDC,0xDAE5F1590db13E3B40423B5b5c5fbf175515910b,maUSDT,0xA694345b2f208DA59ebF3fc6b66E97c0CA18C3E1,0.00,0.00,0.00,0.00,NaN
86,QUICK_DB_WETH,0xEeaC90Aa76960d0622ca5ae2528b5418f0Ec7Bb4,0x0e59D50adD2d90f5111aca875baE0a72D95B4762,DB,0x7ceB23fD6bC0adD59E62ac25578270cFf1b9f619,WETH,0xd437c3c9Ca21D634878BDDBf973bCFB23D280E86,0.00,0.00,0.00,0.00,NaN
87,QUICK_QUICK_DSLA,0x9c8e56e594831951dE0791577c0B9BF9AadFBb9e,0x831753DD7087CaC61aB5644b308642cc1c33Dc13,QUICK,0xa0E390e9ceA0D0e8cd40048ced9fA9EA10D71639,DSLA,0xB9Ce318ac54EC8b3aa17d18dFfb0EC3c46E88fef,0.00,0.00,0.00,100.80,NaN
88,QUICK_WMATIC_DB,0x8422afe8C0285c393DD0f63da1fB12642Fb154FD,0x0d500B1d8E8eF31E21C99d1Db9A6444d3ADf1270,WMATIC,0x0e59D50adD2d90f5111aca875baE0a72D95B4762,DB,0x35CEADEd1457aE4AaD028ff996DC5A889Ea8d7C1,0.00,0.00,0.00,0.00,NaN
89,QUICK_WETH_DMT,0x871ff6e567C63644Ad0399A8213580101E5D66F8,0x7ceB23fD6bC0adD59E62ac25578270cFf1b9f619,WETH,0xd28449BB9bB659725aCcAd52947677ccE3719fD7,DMT,0x255Df2Ae958aCe49eC9E24B59d5327c6D918C81b,0.00,0.00,0.00,0.00,NaN
90,QUICK_ELET_WMATIC,0x9ad3264517167936fC588954f87E6feD23535630,0x07738Eb4ce8932CA961c815Cb12C9d4ab5Bd0Da4,ELET,0x0d500B1d8E8eF31E21C99d1Db9A6444d3ADf1270,WMATIC,0xDa534f1282F832BAc82Ec4502dA6fAd7a60e63A3,0.00,0.00,0.00,0.00,NaN
91,QUICK_maUSDC_maLINK,0xd94cBaE5484f510A44d905956b590c9f5E668Ed0,0x9719d867A500Ef117cC201206B8ab51e794d3F82,maUSDC,0x98ea609569bD25119707451eF982b90E3eb719cD,maLINK,0x211B1312Bb797Ee7c7193AE87481E0B5f259c0a5,0.00,0.00,0.00,0.00,NaN
92,QUICK_AZUKI_QUICK,0xE17672606CF179278F63e15b8A4BcbF936058233,0x7CdC0421469398e0F3aA8890693d86c840Ac8931,AZUKI,0x831753DD7087CaC61aB5644b308642cc1c33Dc13,QUICK,0xfBCf532DeE2A6d2f45bD89419adaA07457d50CF9,0.00,0.00,0.00,0.00,NaN
93,QUICK_HEX_WETH,0x7a81AB0f4FBfCd8cbfc8E96eC8cad5E1e0c67c97,0x23D29D30e35C5e8D321e1dc9A8a61BFD846D4C5C,HEX,0x7ceB23fD6bC0adD59E62ac25578270cFf1b9f619,WETH,0x9Be3481DD287345Bb9C8B8DDC836e1D0054Edd46,0.00,0.00,0.00,0.00,NaN
94,QUICK_QUICK_CFi,0xa2DF4607DB485Ce3e79C01C12d100f202584786f,0x831753DD7087CaC61aB5644b308642cc1c33Dc13,QUICK,0xeCf8f2FA183b1C4d2A269BF98A54fCe86C812d3e,CFi,0x04cda3ed6750AAb11e2A50029460543E914dD81D,0.00,0.00,0.00,0.00,NaN
95,QUICK_WETH_DSLA,0xEEB92E3cB8E38375E2c20201e9b9fB8740D0133f,0x7ceB23fD6bC0adD59E62ac25578270cFf1b9f619,WETH,0xa0E390e9ceA0D0e8cd40048ced9fA9EA10D71639,DSLA,0x4A47Ea19241058b1F960331c3f1a1B4BD7D4A584,0.00,0.00,0.00,0.00,NaN
96,QUICK_ZUZ_QUICK,0xcfB7FC1D8ECA39A1D4647e9E492DC5f651E4fD5A,0x232eaB56c4fB3f84c6Fb0a50c087c74b7B43c6Ad,ZUZ,0x831753DD7087CaC61aB5644b308642cc1c33Dc13,QUICK,0xC1B0A3f47f05A58a7D83855B9F9e8C5f4042dc8c,0.00,0.00,0.00,0.00,NaN
97,QUICK_WETH_OM,0xFF2BBcB399aD50bbD06DebAdd47D290933ae1038,0x7ceB23fD6bC0adD59E62ac25578270cFf1b9f619,WETH,0xC3Ec80343D2bae2F8E680FDADDe7C17E71E114ea,OM,0xA0218a57CC1D595aF0b79Af450f37fc4207dE94C,0.00,0.00,0.00,0.00,NaN
98,QUICK_PPDEX_QUICK,0xA945E334F25e869a13ca0BCf8e6828963B270938,0x127984b5E6d5c59f81DACc9F1C8b3Bdc8494572e,PPDEX,0x831753DD7087CaC61aB5644b308642cc1c33Dc13,QUICK,0xC6a6B2d95B99CA9c3149f8dF8f22E1e34fb75ccc,0.00,0.00,0.00,0.00,NaN
99,QUICK_QUICK_ZUT,0x8d4fde3403E6d2D6525aD1b4EA4680C7EDE00b79,0x831753DD7087CaC61aB5644b308642cc1c33Dc13,QUICK,0xe86E8beb7340659DDDCE61727E500e3A5aD75a90,ZUT,0x06c0b1461740a8570f755cf26e7B418862c3998B,0.00,0.00,0.00,0.00,NaN
100,QUICK_mDEF_QUICK,0x338B23D1A3F3A46d871A84b4467F20a0B023c03f,0x82B6205002ecd05e97642D38D61e2cFeaC0E18cE,mDEF,0x831753DD7087CaC61aB5644b308642cc1c33Dc13,QUICK,0xdE1140Ff770F83a59e91c3a04c6628D86e8414f2,0.00,0.00,0.00,0.00,NaN
101,QUICK_QUICK_DRC,0xEB951F0DA8148a0a3FAD7a568194FF9495Fc464B,0x831753DD7087CaC61aB5644b308642cc1c33Dc13,QUICK,0xFeD16c746CB5BFeD009730f9E3e6A673006105c7,DRC,0x86806771672fb51a04be7BcdC4546fC111BBbA57,0.00,0.00,0.00,0.00,NaN
102,QUICK_AZUKI_WETH,0x52a1C3D399AC185AAD5dB5993Ce05089C3416206,0x7CdC0421469398e0F3aA8890693d86c840Ac8931,AZUKI,0x7ceB23fD6bC0adD59E62ac25578270cFf1b9f619,WETH,0x8d8fDaEcCC776c8E76B8320e8BC29dcC8BC07907,0.00,0.00,0.00,0.00,NaN
103,QUICK_USDC_CFi,0xF436257335b28E2B14861BF5F3b17b8a21BBd6df,0x2791Bca1f2de4661ED88A30C99A7a9449Aa84174,USDC,0xeCf8f2FA183b1C4d2A269BF98A54fCe86C812d3e,CFi,0x579eabaED8cdA62D502c219392d9C07B142e0af6,0.00,0.00,0.00,0.00,NaN
104,QUICK_WETH_USDT,0xF6422B997c7F54D1c6a6e103bcb1499EeA0a7046,0x7ceB23fD6bC0adD59E62ac25578270cFf1b9f619,WETH,0xc2132D05D31c914a87C6611C10748AEb04B58e8F,USDT,0xB26bfcD52D997211C13aE4C35E82ced65AF32A02,190630.06,7.00,190630.06,40352847.39,24.63
105,QUICK_DAI_USDT,0x59153f27eeFE07E5eCE4f9304EBBa1DA6F53CA88,0x8f3Cf7ad23Cd3CaDbD9735AFf958023239c6A063,DAI,0xc2132D05D31c914a87C6611C10748AEb04B58e8F,USDT,0x97Efe8470727FeE250D7158e6f8F63bb4327c8A2,12541.45,7.00,12541.45,6167096.30,10.60
106,QUICK_QUICK_TEL,0xE88e24F49338f974B528AcE10350Ac4576c5c8A1,0x831753DD7087CaC61aB5644b308642cc1c33Dc13,QUICK,0xdF7837DE1F2Fa4631D716CF2502f8b230F1dcc32,TEL,0x19f227C90Ccd615858A7F7848b3b1eb2C652E328,0.00,0.00,0.00,6684.58,NaN
107,QUICK_WETH_TEL,0xFc2fC983a411C4B1E238f7Eb949308CF0218C750,0x7ceB23fD6bC0adD59E62ac25578270cFf1b9f619,WETH,0xdF7837DE1F2Fa4631D716CF2502f8b230F1dcc32,TEL,0xe99e60462C8FCd1470AE258b5649d9fcd3122999,0.00,0.00,0.00,9233.27,NaN
108,QUICK_Krill_USDC,0x6405Ebc22cB0899FC21f414085Ac4044B4721a0d,0x05089C9EBFFa4F0AcA269e32056b1b36B37ED71b,Krill,0x2791Bca1f2de4661ED88A30C99A7a9449Aa84174,USDC,0x589a0C538c056b99B0D9F40f8e79DeABede87060,0.00,0.00,0.00,22546.26,NaN
109,QUICK_Krill_QUICK,0xfC24a83a657a1F3f299A5f801AF8816e2d14fF46,0x05089C9EBFFa4F0AcA269e32056b1b36B37ED71b,Krill,0x831753DD7087CaC61aB5644b308642cc1c33Dc13,QUICK,0xD3435396c763aBA84FD6C6FBFA94243Fc033227c,0.00,0.00,0.00,11596.33,NaN
110,QUICK_WMATIC_PolyDoge,0x264e6BC3f95633725658e4D9640f7F7D9100F6AC,0x0d500B1d8E8eF31E21C99d1Db9A6444d3ADf1270,WMATIC,0x8A953CfE442c5E8855cc6c61b1293FA648BAE472,PolyDoge,0x774685013B4248c9f7ddE063cfBdA0a87269C0Cd,0.00,0.00,0.00,18752.79,NaN
111,QUICK_QUICK_PolyDoge,0xbedEE6a7c572aa855a0c84d2f504311d482862F4,0x831753DD7087CaC61aB5644b308642cc1c33Dc13,QUICK,0x8A953CfE442c5E8855cc6c61b1293FA648BAE472,PolyDoge,0xDE571d6ee61a9Ce8358b9cF011452ff5290ACc21,6019.90,7.00,6019.90,372752.90,84.21
112,QUICK_QUICK_EMON,0x9B6550471fBF39d4708c407eee3FE3d82c6Ac6c3,0x831753DD7087CaC61aB5644b308642cc1c33Dc13,QUICK,0xd6A5aB46ead26f49b03bBB1F9EB1Ad5c1767974a,EMON,0x6BcCF1f0825826964c2eCC2408B00659eb357b6D,0.00,0.00,0.00,5711.36,NaN
113,QUICK_WMATIC_EMON,0xa408a751B6D05d1649c5bbD7C38842fb17ea1846,0x0d500B1d8E8eF31E21C99d1Db9A6444d3ADf1270,WMATIC,0xd6A5aB46ead26f49b03bBB1F9EB1Ad5c1767974a,EMON,0xC9212Ee9bb5A5Cc4fe4D827c65e6De7324297F77,0.00,0.00,0.00,10213.55,NaN
114,QUICK_PAUTO_QUICK,0x3bb367F673D52d1a5F0812c4d8c9030E5876ad44,0x7f426F6Dc648e50464a0392E60E1BB465a67E9cf,PAUTO,0x831753DD7087CaC61aB5644b308642cc1c33Dc13,QUICK,0x6b9C78e419C3038dAC2DAb9dB2bfd5D9F1E05904,13795.60,7.00,13795.60,1740696.34,41.32
115,QUICK_QUICK_BIFI,0xC6a23BDd628c3B17fc0dF270e6BF8E48511950e2,0x831753DD7087CaC61aB5644b308642cc1c33Dc13,QUICK,0xFbdd194376de19a88118e84E279b977f165d01b8,BIFI,0xA2B969faCA14AAdeb6a7672c941A228260a481a2,6270.73,7.00,6270.73,613966.92,53.26
116,QUICK_USDC_FISH,0x0Df9e46C0eAEdf41B9d4bbE2Cea2aF6E8181b033,0x2791Bca1f2de4661ED88A30C99A7a9449Aa84174,USDC,0x3a3Df212b7AA91Aa0402B9035b098891d276572B,FISH,0xf92CF9141a0bE91918cF16804858ba5dEdd4760B,0.00,0.00,0.00,46891.47,NaN
117,QUICK_WETH_PAUTO,0x451CCe13c6e013F463Df6C156B7661b19df6541a,0x7ceB23fD6bC0adD59E62ac25578270cFf1b9f619,WETH,0x7f426F6Dc648e50464a0392E60E1BB465a67E9cf,PAUTO,0xBDEb6D4eC1B90EdB9D09259B6B030A646D373116,13795.60,7.00,13795.60,1723797.50,41.73
118,QUICK_WETH_BIFI,0x8b80417D92571720949fC22404200AB8FAf7775f,0x7ceB23fD6bC0adD59E62ac25578270cFf1b9f619,WETH,0xFbdd194376de19a88118e84E279b977f165d01b8,BIFI,0xd79424b32E2Ef944AA9f4021d39D835fdd615B87,10033.16,7.00,10033.16,2911830.47,17.97
119,QUICK_QUICK_ADDY,0xc4a707353599436859aF654f829b75E635fdE289,0x831753DD7087CaC61aB5644b308642cc1c33Dc13,QUICK,0xc3FdbadC7c795EF1D6Ba111e06fF8F16A20Ea539,ADDY,0x3Bf8602069d15a6F70Ede1887CB4a6576c492f7B,2508.29,7.00,2508.29,179251.45,72.96
120,QUICK_WETH_ADDY,0xa5BF14BB945297447fE96f6cD1b31b40d31175CB,0x7ceB23fD6bC0adD59E62ac25578270cFf1b9f619,WETH,0xc3FdbadC7c795EF1D6Ba111e06fF8F16A20Ea539,ADDY,0xF6Bd4FE52efD9C3881eea1134193E4DB3c1d4801,15049.74,7.00,15049.74,11468634.79,6.84
121,QUICK_UFT_QUICK,0x6928F1577b3507De99490CA8C5aCEa6FC1d24a84,0x5B4CF2C120A9702225814E18543ee658c5f8631e,UFT,0x831753DD7087CaC61aB5644b308642cc1c33Dc13,QUICK,0x63F423B8fbCc810Ed8A0C2f4921E3946a83eBe9C,2508.29,7.00,2508.29,275005.42,47.56
122,QUICK_UFT_WETH,0xAeF2B47b5e30661C3cC03b3E17fD8DCdDC1f27B6,0x5B4CF2C120A9702225814E18543ee658c5f8631e,UFT,0x7ceB23fD6bC0adD59E62ac25578270cFf1b9f619,WETH,0xd898A0223a1d3aBD18428065A45bE318784D8A91,2006.63,7.00,2006.63,300991.21,34.76
123,QUICK_FISH_QUICK,0x83E5f826F35FA4a884eF53EA1497fAfAe1Bed1d0,0x3a3Df212b7AA91Aa0402B9035b098891d276572B,FISH,0x831753DD7087CaC61aB5644b308642cc1c33Dc13,QUICK,0x41D7f788D6c09fbed8594BccAcDf6E1879348409,0.00,0.00,0.00,61727.67,NaN
124,QUICK_QUICK_IQ,0xF63b80Af6d52f57B7F1dfB2A857F5e5592D0620f,0x831753DD7087CaC61aB5644b308642cc1c33Dc13,QUICK,0xB9638272aD6998708de56BBC0A290a1dE534a578,IQ,0x41D770310daF599F3b96A1bbF1b15805F9A4E29c,0.00,0.00,0.00,45386.78,NaN
125,QUICK_QUICK_FFF,0x2648ec89875d944e38f55925Df77D9Cfe0B01Edd,0x831753DD7087CaC61aB5644b308642cc1c33Dc13,QUICK,0x9aCeB6f749396d1930aBc9e263eFc449E5e82c13,FFF,0xB4A7e2FCf1FdC1481cbF24eE76e083d3c17F0859,2508.29,7.00,2508.29,231193.70,56.57
126,QUICK_USDC_miMATIC,0x160532D2536175d65C03B97b0630A9802c274daD,0x2791Bca1f2de4661ED88A30C99A7a9449Aa84174,USDC,0xa3Fa99A148fA48D14Ed51d610c367C61876997F1,miMATIC,0x1fdDd7F3A4c1f0e7494aa8B637B8003a64fdE21A,50165.81,7.00,50165.81,21446708.58,12.20
127,QUICK_QI_QUICK,0x25d56E2416f20De1Efb1F18fd06dD12eFeC3D3D0,0x580A84C73811E1839F75d86d75d88cCa0c241fF4,QI,0x831753DD7087CaC61aB5644b308642cc1c33Dc13,QUICK,0xad9E0d2FC293fD9a0f6c3C16c16A69d36B6D3b06,25082.90,7.00,25082.90,962953.30,135.82
128,QUICK_WETH_TITAN,0xA28Ade2f27b9554b01964FDCe97eD643301411d9,0x7ceB23fD6bC0adD59E62ac25578270cFf1b9f619,WETH,0xaAa5B9e6c589642f98a1cDA99B9D024B8407285A,TITAN,0x2dF6A6b1B7aA23a842948a81714a2279e603e32f,0.00,0.00,0.00,37598.64,NaN
129,QUICK_CHUM_QUICK,0x0A126ad4e9c446c6219519062932f624D82E075e,0x2e2DDe47952b9c7deFDE7424d00dD2341AD927Ca,CHUM,0x831753DD7087CaC61aB5644b308642cc1c33Dc13,QUICK,0x51fE4871BD8BFb0d88243194761C361dA4803a2f,0.00,0.00,0.00,5261.49,NaN
130,QUICK_QUICK_GFI,0xAb37D9048698dff0F6bd01c6b36620A1105be823,0x831753DD7087CaC61aB5644b308642cc1c33Dc13,QUICK,0x874e178A2f3f3F9d34db862453Cd756E7eAb0381,GFI,0x6FB9803570E0ceBcFAeD26F67Aaef38D4E4AAf75,0.00,0.00,0.00,11535.43,NaN
131,QUICK_QUICK_ELE,0x6696db3A5eF00e24c065edcFbc114b13Ea9eE997,0x831753DD7087CaC61aB5644b308642cc1c33Dc13,QUICK,0xAcD7B3D9c10e97d0efA418903C0c7669E702E4C0,ELE,0xd00f210E67ef9c3F674e2D6A7A619602E888345d,0.00,0.00,0.00,66553.23,NaN
132,QUICK_WMATIC_ELE,0xADcb09FD3346c72C98753e518397b336333Cf227,0x0d500B1d8E8eF31E21C99d1Db9A6444d3ADf1270,WMATIC,0xAcD7B3D9c10e97d0efA418903C0c7669E702E4C0,ELE,0x9318F6f64e61AfB7B51D51E61B5dD6C4E39E7dd9,2508.29,7.00,2508.29,955453.88,13.69
133,QUICK_WETH_FFF,0x4935270Aa19bA0B88Fe99eA9FeB10519feAfA758,0x7ceB23fD6bC0adD59E62ac25578270cFf1b9f619,WETH,0x9aCeB6f749396d1930aBc9e263eFc449E5e82c13,FFF,0xd4C325Fa5A95220b4dD4bFbe3da71F78dE0F5d15,2508.29,7.00,2508.29,650309.10,20.11
134,QUICK_PBNB_QUICK,0x53e27DaDf6473d062717be8807C453Af212c7102,0x7e9928aFe96FefB820b85B4CE6597B8F660Fe4F4,PBNB,0x831753DD7087CaC61aB5644b308642cc1c33Dc13,QUICK,0xffA5b82d09DcaE32b9Ee96D3cD02C9391b63cdaB,7524.87,7.00,7524.87,792888.40,49.49
135,QUICK_USDC_PBNB,0xE55cb144E02Cffb6fBD65d9a4BD62378998Bc267,0x2791Bca1f2de4661ED88A30C99A7a9449Aa84174,USDC,0x7e9928aFe96FefB820b85B4CE6597B8F660Fe4F4,PBNB,0x64Ec5b01D6eD81C432eF8628541BB2Bf9380b337,7524.87,7.00,7524.87,1473690.84,26.62
136,QUICK_WETH_RAMP,0xe55739E1fEb9F9aED4Ce34830a06cA6Cc37494A0,0x7ceB23fD6bC0adD59E62ac25578270cFf1b9f619,WETH,0xaECeBfcF604AD245Eaf0D5BD68459C3a7A6399c2,RAMP,0xBD5F8b3663F5ce456c9F53B26b0f6bC3EA22B6AA,12541.45,7.00,12541.45,4905564.22,13.33
137,QUICK_USDC_IOI,0x8eF139998A743d2CaD66dF2E750A8c4936f306b9,0x2791Bca1f2de4661ED88A30C99A7a9449Aa84174,USDC,0xAF24765F631C8830B5528B57002241eE7eef1C14,IOI,0x71d5669Ea3e0dCFCDA0700ceF4f867dEc4B11dDa,0.00,0.00,0.00,1960.91,NaN
138,QUICK_USDC_rUSD,0x5EF8747d1dc4839e92283794a10d448357973aC0,0x2791Bca1f2de4661ED88A30C99A7a9449Aa84174,USDC,0xfC40a4F89b410a1b855b5e205064a38fC29F5eb5,rUSD,0x5C1186F784A4fEFd53Dc40c492b02dEEd97E7944,5016.58,7.00,5016.58,2302872.65,11.36
139,QUICK_WMATIC_ERN,0x124dE7e03b8Ee7363974d5ca3b1868DDf3a23cD3,0x0d500B1d8E8eF31E21C99d1Db9A6444d3ADf1270,WMATIC,0x0E50BEA95Fe001A370A4F1C220C49AEdCB982DeC,ERN,0xA8F8A46f5dD3F68D2B7B1b04Dd20526CebCE7E7A,2508.29,7.00,2508.29,306538.63,42.67
140,QUICK_MEM_WETH,0xB0C4464F5351bb9f712AC3e5B21Cf97173e85574,0x42dbBd5ae373FEA2FC320F62d44C058522Bb3758,MEM,0x7ceB23fD6bC0adD59E62ac25578270cFf1b9f619,WETH,0xA553785c55B374ad0eB91EcBEf1e7c7D300970Ba,0.00,0.00,0.00,12907.28,NaN
141,QUICK_WETH_BORING,0xAB71CE8d652c4a858654FBb6450Cf2E3116d6062,0x7ceB23fD6bC0adD59E62ac25578270cFf1b9f619,WETH,0xff88434E29d1E2333aD6baa08D358b436196da6b,BORING,0x5b0a814D971aF818DA2BD7A7e1163d11674d4dCB,0.00,0.00,0.00,1427.37,NaN
142,QUICK_WOO_QUICK,0x7622804bA94940A9EFdDD1546D12d8D0d6a16e53,0x1B815d120B3eF02039Ee11dC2d33DE7aA4a8C603,WOO,0x831753DD7087CaC61aB5644b308642cc1c33Dc13,QUICK,0x1067112E5dB21aEC7eB144C5773f8aef8C85966a,10033.16,7.00,10033.16,708907.24,73.80
143,QUICK_WOO_WETH,0x70294d7aa244BD342C536F9B502152564057162e,0x1B815d120B3eF02039Ee11dC2d33DE7aA4a8C603,WOO,0x7ceB23fD6bC0adD59E62ac25578270cFf1b9f619,WETH,0xfA9A5abaC50B97c61addC7b317C813a006579aeA,10033.16,7.00,10033.16,2002643.28,26.12
144,QUICK_QUICK_QuickChart,0xa7fF9F67B7de2d210B106b6Faa3552Fe0537907f,0x831753DD7087CaC61aB5644b308642cc1c33Dc13,QUICK,0x99dA82C5464C49962Cdda44fe30d352Bc5Da0580,QuickChart,0x45cf73aA2014442BcEb3f28070E054868828f033,0.00,0.00,0.00,3275.11,NaN
145,QUICK_WMATIC_QuickChart,0x545c671ecb54C9f48901158c6ebb15fdf69C20B5,0x0d500B1d8E8eF31E21C99d1Db9A6444d3ADf1270,WMATIC,0x99dA82C5464C49962Cdda44fe30d352Bc5Da0580,QuickChart,0x3FC6D202140277b34F0f8B5708DD4502B874BD33,0.00,0.00,0.00,4572.55,NaN
146,QUICK_START_QUICK,0x9E2B254c7D6AD24aFb334A75cE21e216A9AA25fc,0x6Ccf12B480A99C54b23647c995f4525D544A7E72,START,0x831753DD7087CaC61aB5644b308642cc1c33Dc13,QUICK,0x77eB20d5eB77b6ba543734d903FE1259d551cbd3,25082.90,7.00,25082.90,1367470.84,95.64
147,QUICK_CGG_QUICK,0xDf1D5afD6339Ee4B02e2ADc34Ecbd6384e90Cab2,0x2Ab4f9aC80F33071211729e45Cfc346C1f8446d5,CGG,0x831753DD7087CaC61aB5644b308642cc1c33Dc13,QUICK,0xcf813b2416e23aFC10D21e733EB10544b0f52825,1003.32,7.00,1003.32,315467.39,16.58
148,QUICK_polyBUNNY_QUICK,0x976b7B7fE4293111CaCd946C422a64f24A223564,0x4C16f69302CcB511c5Fac682c7626B9eF0Dc126a,polyBUNNY,0x831753DD7087CaC61aB5644b308642cc1c33Dc13,QUICK,0xdaC489D994d12Be53388D4dB3cAC5135177390f0,10033.16,7.00,10033.16,931650.43,56.15
149,QUICK_polyBUNNY_WETH,0x62052b489Cb5bC72a9DC8EEAE4B24FD50639921a,0x4C16f69302CcB511c5Fac682c7626B9eF0Dc126a,polyBUNNY,0x7ceB23fD6bC0adD59E62ac25578270cFf1b9f619,WETH,0x9F37eF37818b3b81Cd8600d602DC5D8Df7B9e3E4,35116.06,7.00,35116.06,5234357.51,34.98
150,QUICK_WETH_renDOGE,0xAB1403De66519B898b38028357B74DF394a54a37,0x7ceB23fD6bC0adD59E62ac25578270cFf1b9f619,WETH,0xcE829A89d4A55a63418bcC43F00145adef0eDB8E,renDOGE,0xe2519a7b81Cf038C055ddD667A9c06A0790945f4,40132.65,7.00,40132.65,2602731.52,80.40
151,QUICK_FOR_QUICK,0xb7FF4eeab22f78425Fa8dbECC64efA9D6c91Db03,0x546b4c391520E6652897c65153074088BFC0A909,FOR,0x831753DD7087CaC61aB5644b308642cc1c33Dc13,QUICK,0x6223cf24a0D7a8425DA45BBF072111a28c9ffeB0,2508.29,7.00,2508.29,229286.82,57.04
152,QUICK_NEXO_WETH,0x10062ec62C0bE26cC9e2f50a1CF784a89ded075F,0x41b3966B4FF7b427969ddf5da3627d6AEAE9a48E,NEXO,0x7ceB23fD6bC0adD59E62ac25578270cFf1b9f619,WETH,0x5Ce139242C77fC31479E5329626fef736Ac8CeBE,60198.97,7.00,60198.97,4367186.93,71.88
153,QUICK_NEXO_QUICK,0xaCA37A3282078dbf41a6D0C6314C53D7F9CeD6EC,0x41b3966B4FF7b427969ddf5da3627d6AEAE9a48E,NEXO,0x831753DD7087CaC61aB5644b308642cc1c33Dc13,QUICK,0xd36f382F44678a07eCF79E89dc13a63D5Ef08d3E,15049.74,7.00,15049.74,833193.62,94.18
154,QUICK_renDGB_QUICK,0x5Cb85aa163B1B443F88A1f9124153E70F6586400,0x2628568509E87c4429fBb5c664Ed11391BE1BD29,renDGB,0x831753DD7087CaC61aB5644b308642cc1c33Dc13,QUICK,0xE682EB8F4F93EdABe17C52FFf5AA663f80D9B428,2508.29,7.00,2508.29,223062.15,58.63
155,QUICK_USDC_FEAR,0x4E56843592DA70cE073AD6599B3Fb3ce3Bf02F3b,0x2791Bca1f2de4661ED88A30C99A7a9449Aa84174,USDC,0xa2CA40DBe72028D3Ac78B5250a8CB8c404e7Fb8C,FEAR,0x473F341f5aDfeCabf19B5a7299015ddFA0e1C091,0.00,0.00,0.00,1039.23,NaN
156,QUICK_renDGB_WETH,0xbf453E64EE7F43513afDc801f6C0Fab250FBCf09,0x2628568509E87c4429fBb5c664Ed11391BE1BD29,renDGB,0x7ceB23fD6bC0adD59E62ac25578270cFf1b9f619,WETH,0xcFCa8D0fcEc1A3A30B6f9B963F1794C3B8f8E391,12541.45,7.00,12541.45,700460.31,93.36
157,QUICK_QUICK_mBTM,0x5223B2F033dce7d9De567A260c915E37f7d300a7,0x831753DD7087CaC61aB5644b308642cc1c33Dc13,QUICK,0xA16EbA3b7562FC92597579A80Fe53a92DCab7122,mBTM,0xb087b7a71fBb43EBabAcfabBdA368aA941eA1c9D,1254.15,7.00,1254.15,40798.38,160.29
158,QUICK_USDC_mBTM,0x28763BdD88c43F902b026c7Be5494f32cBDAAD91,0x2791Bca1f2de4661ED88A30C99A7a9449Aa84174,USDC,0xA16EbA3b7562FC92597579A80Fe53a92DCab7122,mBTM,0x9c6604378bB8b9D3A7f0C4416d8Fe3203EB68979,5016.58,7.00,5016.58,324343.20,80.65
159,QUICK_WETH_UNI,0xF7135272a5584Eb116f5a77425118a8B4A2ddfDb,0x7ceB23fD6bC0adD59E62ac25578270cFf1b9f619,WETH,0xb33EaAd8d922B1083446DC23f610c2567fB5180f,UNI,0x9Bb7C0A778676689E86602d905c4013221AcC7C6,60198.97,7.00,60198.97,10995236.66,28.55
160,QUICK_WMATIC_SOL,0x898386DD8756779a4ba4f1462891B92dd76b78eF,0x0d500B1d8E8eF31E21C99d1Db9A6444d3ADf1270,WMATIC,0x7DfF46370e9eA5f0Bad3C4E29711aD50062EA7A4,SOL,0x590226869C2A1334394392231Ed6de5F63C9dC98,10033.16,7.00,10033.16,1795459.10,29.14
161,QUICK_BEL_WETH,0x49ceCfa5c62b3A97F58CAd6B4aCc7c74810E1DDa,0x28C388FB1F4fa9F9eB445f0579666849EE5eeb42,BEL,0x7ceB23fD6bC0adD59E62ac25578270cFf1b9f619,WETH,0x8841897e9a94C0a0B886d12e754Bbf8ABe1f1cB3,0.00,0.00,0.00,0.00,NaN
162,QUICK_BEL_QUICK,0x79f0EdB78aB809f6c94dC9a098Ea2D8dDF3058f8,0x28C388FB1F4fa9F9eB445f0579666849EE5eeb42,BEL,0x831753DD7087CaC61aB5644b308642cc1c33Dc13,QUICK,0xb2459dF0193Cd2aC606ED67DB9f18A5C296040dA,0.00,0.00,0.00,0.00,NaN
163,QUICK_USDC_YAMP,0x87d68f797623590E45982AD0f21228557207FdDa,0x2791Bca1f2de4661ED88A30C99A7a9449Aa84174,USDC,0x87f654c4b347230C60CAD8d7ea9cF0D7238bcc79,YAMP,0x1DdF6be5B3c6fe04e5161701e2753b28bBF85dc2,25082.90,7.00,25082.90,278816.38,469.09
164,QUICK_USDC_Guard,0xD2EeeEdfcAF1457F7BC9cbA28d5316F73BB83b49,0x2791Bca1f2de4661ED88A30C99A7a9449Aa84174,USDC,0x948d2a81086A075b3130BAc19e4c6DEe1D2E3fE8,Guard,0x8782772E35e262Ba7f481DDDb015424Fc1aABC62,15049.74,7.00,15049.74,219711.93,357.17
165,QUICK_QUICK_YAMP,0x66fF795535CF162D29f6B15ed546a3e148Eff0Fb,0x831753DD7087CaC61aB5644b308642cc1c33Dc13,QUICK,0x87f654c4b347230C60CAD8d7ea9cF0D7238bcc79,YAMP,0xF42405d54c8F443126Ac06A47b5023BbfC7a85D3,25082.90,7.00,25082.90,373060.03,350.59
166,QUICK_WMATIC_AVAX,0xEb477AE74774b697B5D515eF8ca09e24FEe413b5,0x0d500B1d8E8eF31E21C99d1Db9A6444d3ADf1270,WMATIC,0x2C89bbc92BD86F8075d1DEcc58C7F4E0107f286b,AVAX,0x02e33E4713Cf231D4b7A9894DE3F075A16e19201,10033.16,7.00,10033.16,1512232.06,34.60
167,QUICK_USDC_HONOR,0x46489f825f11d7473D20279699b108aCAA246e73,0x2791Bca1f2de4661ED88A30C99A7a9449Aa84174,USDC,0xb82A20B4522680951F11c94c54B8800c1C237693,HONOR,0xBB21082fc478f2a5Bb5D6ca1367571c456739b5F,2508.29,7.00,2508.29,53406.83,244.89
168,QUICK_IMX_WETH,0x5F819F510CA9B1469e6a3Ffe4ecD7F0C1126f8F5,0x60bB3D364B765C497C8cE50AE0Ae3f0882c5bD05,IMX,0x7ceB23fD6bC0adD59E62ac25578270cFf1b9f619,WETH,0x162e50560d701ddEa3187F0E4A637960B77D9616,7524.87,7.00,7524.87,400927.09,97.87
169,QUICK_WMATIC_KOGECOIN,0x3885503aEF5E929fCB7035FBDcA87239651C8154,0x0d500B1d8E8eF31E21C99d1Db9A6444d3ADf1270,WMATIC,0x13748d548D95D78a3c83fe3F32604B4796CFfa23,KOGECOIN,0xDEb9d9D209687EC73488A89b68fE84B2364a8d86,5016.58,7.00,5016.58,99342.26,263.31
170,QUICK_USDC_GBTS,0xbB93f7e7295565553EB77aAdd9C0f0C632069414,0x2791Bca1f2de4661ED88A30C99A7a9449Aa84174,USDC,0xbe9512e2754cb938dd69Bbb96c8a09Cb28a02D6D,GBTS,0xE692580F12A4228211B6a5b4b3A7470941A7Bdf8,5016.58,7.00,5016.58,95387.12,274.23
171,QUICK_WMATIC_pSWAMP,0x1A477272f6030EAB135Cb3BA40646f3eb26b382a,0x0d500B1d8E8eF31E21C99d1Db9A6444d3ADf1270,WMATIC,0x5f1657896B38c4761dbc5484473c7A7C845910b6,pSWAMP,0x928Dc054085b84DeDf734A46e096141b382988C3,7524.87,7.00,7524.87,257021.20,152.66
172,QUICK_QUICK_RELAY,0x7CA8e540DF6326005B72661E50F1350C84C0E55D,0x831753DD7087CaC61aB5644b308642cc1c33Dc13,QUICK,0x904371845Bc56dCbBcf0225ef84a669b2fD6bd0d,RELAY,0xD7B606AC407652FdB4bf7A7f17987C24047631bA,50165.81,7.00,50165.81,1158478.32,225.80
173,QUICK_IMX_QUICK,0x7E1cF35E362cAeA8C1a132bA4E4222080f26D8B0,0x60bB3D364B765C497C8cE50AE0Ae3f0882c5bD05,IMX,0x831753DD7087CaC61aB5644b308642cc1c33Dc13,QUICK,0xd7BA0FC827FD629f0a1fA8F189BD93Ea860AE051,10033.16,7.00,10033.16,288681.86,181.22
174,QUICK_POOL_WETH,0x1585d301B58661bC0cb5A8ebA24ECaE7b4600470,0x25788a1a171ec66Da6502f9975a15B609fF54CF6,POOL,0x7ceB23fD6bC0adD59E62ac25578270cFf1b9f619,WETH,0x3868163FB27BC3b45F5E581d6920466B6515396F,10033.16,7.00,10033.16,449307.00,116.44
175,QUICK_EZ_QUICK,0xF745a6358790f7A2EF5dA0538b714CBbCC635c40,0x34C1b299A74588D6Abdc1b85A53345A48428a521,EZ,0x831753DD7087CaC61aB5644b308642cc1c33Dc13,QUICK,0x026C9182aE247675CCedfFE18b32Cf4fFf08B828,10033.16,7.00,10033.16,303382.20,172.44
176,QUICK_USDC_EZ,0xB96fb16feFD59e51d4a76BE6050Df3e50c916451,0x2791Bca1f2de4661ED88A30C99A7a9449Aa84174,USDC,0x34C1b299A74588D6Abdc1b85A53345A48428a521,EZ,0x670F566cA98C8A28D9cEc9B3a58ce18Bd4c14f0c,5016.58,7.00,5016.58,154009.57,169.85
177,QUICK_USDC_OOE,0xaFBB41C03cE4b0629963325EB4a100FA8D5c0043,0x2791Bca1f2de4661ED88A30C99A7a9449Aa84174,USDC,0xcBbF49E5065537843a7dcFDF8f49116B2DeB5a0f,OOE,0x0b9bA8B089bf5c3D668ADcC2123E2568fCC7f5cC,0.00,0.00,0.00,2.95,NaN
178,QUICK_USDC_ADS,0x85ba262be13329A2Db5acf9Aa46aC2345b5DF4ff,0x2791Bca1f2de4661ED88A30C99A7a9449Aa84174,USDC,0x598e49f01bEfeB1753737934a5b11fea9119C796,ADS,0xa5d7a868A596289fEAfB36CABc50e84A8f13750f,10033.16,7.00,10033.16,152983.11,341.97
179,QUICK_USDC_MOD,0x81E796089262df8569FF11D8D3a43bFb5c4d9E26,0x2791Bca1f2de4661ED88A30C99A7a9449Aa84174,USDC,0x8346Ab8d5EA7A9Db0209aEd2d1806AFA0E2c4C21,MOD,0x42e939E60Cdd95af8e35a2f8b729e4B34317b537,10033.16,7.00,10033.16,252473.40,207.21
180,QUICK_WMATIC_HT,0x20e28214946B4e0F18B2c1aA7C976dF087695a5d,0x0d500B1d8E8eF31E21C99d1Db9A6444d3ADf1270,WMATIC,0xA731349fa468614c1698fc46ebf06Da6F380239e,HT,0x58e52a5Bb13c4474a1954CC013B3B70C87ccbC92,10033.16,7.00,10033.16,327524.18,159.73
